# unix_time, cycles_done, cur_path, paths_total, pending_total, pending_favs, map_size, unique_crashes, unique_hangs, max_depth, execs_per_sec
1569806045, 0, 0, 2, 2, 1, 0.06%, 0, 0, 1, 1777.78
1569806050, 15, 0, 2, 0, 0, 0.06%, 0, 0, 1, 3521.93
1569806055, 27, 1, 2, 0, 0, 0.06%, 0, 0, 1, 3302.92
1569806060, 41, 1, 2, 0, 0, 0.06%, 0, 0, 1, 3590.63
1569806065, 58, 0, 2, 0, 0, 0.06%, 0, 0, 1, 4036.59
1569806071, 74, 1, 2, 0, 0, 0.06%, 0, 0, 1, 4200.83
1569806076, 91, 0, 2, 0, 0, 0.06%, 0, 0, 1, 4062.90
1569806081, 105, 1, 2, 0, 0, 0.06%, 0, 0, 1, 3664.36
1569806086, 120, 0, 2, 0, 0, 0.06%, 0, 0, 1, 3690.70
1569806091, 137, 0, 2, 0, 0, 0.06%, 0, 0, 1, 4169.61
1569806096, 154, 0, 2, 0, 0, 0.06%, 0, 0, 1, 4271.26
1569806101, 171, 0, 2, 0, 0, 0.06%, 0, 0, 1, 4214.99
1569806106, 188, 0, 2, 0, 0, 0.06%, 0, 0, 1, 4258.29
1569806111, 205, 0, 2, 0, 0, 0.06%, 0, 0, 1, 4276.34
1569806117, 222, 0, 2, 0, 0, 0.06%, 0, 0, 1, 4298.81
1569806122, 239, 0, 2, 0, 0, 0.06%, 0, 0, 1, 4307.41
1569806127, 256, 1, 2, 0, 0, 0.06%, 0, 0, 1, 4311.77
1569806132, 273, 1, 2, 0, 0, 0.06%, 0, 0, 1, 4305.30
1569806137, 290, 1, 2, 0, 0, 0.06%, 0, 0, 1, 4308.63
1569806142, 308, 0, 2, 0, 0, 0.06%, 0, 0, 1, 4304.36
1569806147, 325, 0, 2, 0, 0, 0.06%, 0, 0, 1, 4303.06
1569806152, 342, 0, 2, 0, 0, 0.06%, 0, 0, 1, 4310.65
1569806158, 359, 0, 2, 0, 0, 0.06%, 0, 0, 1, 4311.25
1569806163, 376, 0, 2, 0, 0, 0.06%, 0, 0, 1, 4299.70
1569806168, 393, 1, 2, 0, 0, 0.06%, 0, 0, 1, 4322.71
1569806173, 409, 1, 2, 0, 0, 0.06%, 0, 0, 1, 4047.66
1569806178, 426, 0, 2, 0, 0, 0.06%, 0, 0, 1, 4203.49
1569806183, 443, 0, 2, 0, 0, 0.06%, 0, 0, 1, 4186.85
1569806188, 460, 0, 2, 0, 0, 0.06%, 0, 0, 1, 4268.45
1569806193, 476, 1, 2, 0, 0, 0.06%, 0, 0, 1, 4228.90
1569806198, 494, 0, 2, 0, 0, 0.06%, 0, 0, 1, 4310.53
1569806204, 511, 0, 2, 0, 0, 0.06%, 0, 0, 1, 4213.03
1569806209, 527, 0, 2, 0, 0, 0.06%, 0, 0, 1, 4112.65
1569806214, 543, 1, 2, 0, 0, 0.06%, 0, 0, 1, 4240.56
1569806219, 561, 0, 2, 0, 0, 0.06%, 0, 0, 1, 4298.29
1569806224, 578, 0, 2, 0, 0, 0.06%, 0, 0, 1, 4297.87
1569806229, 594, 1, 2, 0, 0, 0.06%, 0, 0, 1, 4264.68
1569806234, 611, 1, 2, 0, 0, 0.06%, 0, 0, 1, 4264.78
1569806239, 628, 1, 2, 0, 0, 0.06%, 0, 0, 1, 4273.24
1569806245, 645, 1, 2, 0, 0, 0.06%, 0, 0, 1, 4298.12
1569806250, 663, 0, 2, 0, 0, 0.06%, 0, 0, 1, 4308.74
1569806255, 680, 0, 2, 0, 0, 0.06%, 0, 0, 1, 4304.43
1569806260, 697, 0, 2, 0, 0, 0.06%, 0, 0, 1, 4272.19
1569806265, 713, 1, 2, 0, 0, 0.06%, 0, 0, 1, 4194.16
1569806270, 730, 0, 2, 0, 0, 0.06%, 0, 0, 1, 4168.23
1569806275, 747, 0, 2, 0, 0, 0.06%, 0, 0, 1, 4180.70
1569806280, 761, 1, 2, 0, 0, 0.06%, 0, 0, 1, 3716.75
1569806286, 775, 0, 2, 0, 0, 0.06%, 0, 0, 1, 3291.74
1569806291, 787, 1, 2, 0, 0, 0.06%, 0, 0, 1, 3118.60
1569806296, 798, 0, 2, 0, 0, 0.06%, 0, 0, 1, 2899.11
1569806301, 812, 1, 2, 0, 0, 0.06%, 0, 0, 1, 3530.36
1569806306, 825, 0, 2, 0, 0, 0.06%, 0, 0, 1, 3021.16
1569806311, 838, 1, 2, 0, 0, 0.06%, 0, 0, 1, 3279.04
1569806317, 854, 0, 2, 0, 0, 0.06%, 0, 0, 1, 3835.63
1569806322, 870, 1, 2, 0, 0, 0.06%, 0, 0, 1, 4127.48
1569806327, 886, 0, 2, 0, 0, 0.06%, 0, 0, 1, 3810.12
1569806332, 898, 0, 2, 0, 0, 0.06%, 0, 0, 1, 3070.59
1569806337, 911, 0, 2, 0, 0, 0.06%, 0, 0, 1, 3235.33
1569806342, 926, 0, 2, 0, 0, 0.06%, 0, 0, 1, 3799.03
1569806347, 942, 1, 2, 0, 0, 0.06%, 0, 0, 1, 4138.09
1569806352, 959, 1, 2, 0, 0, 0.06%, 0, 0, 1, 4191.59
1569806358, 976, 0, 2, 0, 0, 0.06%, 0, 0, 1, 4204.34
1569806363, 993, 0, 2, 0, 0, 0.06%, 0, 0, 1, 4253.83
1569806368, 1009, 1, 2, 0, 0, 0.06%, 0, 0, 1, 4188.64
1569806373, 1025, 0, 2, 0, 0, 0.06%, 0, 0, 1, 3885.47
1569806378, 1041, 1, 2, 0, 0, 0.06%, 0, 0, 1, 4140.47
